raw/df8c362d7c6fa2f29d53a811c9b50a61a21b676bA.cnv
* Sea-Bird SBE19plus  Data File:
* FileName = \\FERGIE-PC\Data\Trip 6086\Data\CTD\GB14070.hex
* Software version 2.3.0
* Temperature SN = 7360
* Conductivity SN = 7360
* System UpLoad Time = Nov 11 2014 22:46:50
* <ApplicationData>
* <Seaterm232>
# nquan = 13
# nvalues = 1310                        
# units = specified
# name 0 = timeS: Time, Elapsed [seconds]
# name 1 = scan: Scan Count
# name 2 = prdM: Pressure, Strain Gauge [db]
# name 3 = tv290C: Temperature [ITS-90, deg C]
# name 4 = c0S/m: Conductivity [S/m]
# name 5 = flECO-AFL: Fluorescence, WET Labs ECO-AFL/FL [mg/m^3]
# name 6 = CStarTr0: Beam Transmission, WET Labs C-Star [%]
# name 7 = f1: Frequency 1
# name 8 = dz/dtM: Descent Rate [m/s]
# name 9 = density00: Density [density, kg/m^3]
# name 10 = sbeox0ML/L: Oxygen, SBE 43 [ml/l]
# name 11 = par: PAR/Irradiance, Biospherical/Licor
# name 12 = flag:  0.000e+00
# span 0 =     75.000,    402.250       
# span 1 =        301,       1610       
# span 2 =      1.048,     18.699       
# span 3 =    27.1839,    27.2123       
# span 4 =   5.703755,   5.718486       
# span 5 =     0.1561,     0.6812       
# span 6 =    43.6851,    82.5868       
# span 7 =   6639.522,   6646.782       
# span 8 =     -0.174,      0.664       
# span 9 =  1023.5548,  1023.6882       
# span 10 =     4.0867,     4.3577      
# span 11 = 3.6834e+00, 8.8224e+02      
# span 12 = 0.0000e+00, 0.0000e+00      
# interval = seconds: 0.25
# start_time = Nov 11 2014 21:38:42 [Instrument's time stamp, header]
# bad_flag = -9.990e-29
*END*
[from data line 334]
    158.500        635      1.296    27.1906   5.705829     0.1934    82.3312   6640.546      0.060  1023.5690     4.3466 6.6817e+02 0.0000e+00
    158.750        636      1.304    27.1907   5.705830     0.1946    82.3463   6640.546      0.053  1023.5690     4.3463 6.5261e+02 0.0000e+00
    159.000        637      1.306    27.1907   5.705833     0.1953    82.3682   6640.548      0.046  1023.5690     4.3458 6.4301e+02 0.0000e+00
    159.250        638      1.299    27.1909   5.705842     0.1952    82.3848   6640.552      0.037  1023.5690     4.3452 6.4243e+02 0.0000e+00
    159.500        639      1.280    27.1910   5.705857     0.1946    82.3903   6640.560      0.022  1023.5689     4.3445 6.4641e+02 0.0000e+00
    159.750        640      1.251    27.1912   5.705878     0.1935    82.3855   6640.570      0.002  1023.5688     4.3438 6.4896e+02 0.0000e+00
    160.000        641      1.213    27.1914   5.705899     0.1921    82.3708   6640.581     -0.025  1023.5686     4.3432 6.5314e+02 0.0000e+00
    160.250        642      1.172    27.1916   5.705918     0.1914    82.3458   6640.590     -0.056  1023.5684     4.3428 6.6203e+02 0.0000e+00
    160.500        643      1.133    27.1918   5.705933     0.1916    82.3157   6640.597     -0.086  1023.5681     4.3426 6.7555e+02 0.0000e+00
    160.750        644      1.103    27.1919   5.705943     0.1928    82.2921   6640.602     -0.110  1023.5679     4.3426 6.9097e+02 0.0000e+00
    161.000        645      1.086    27.1920   5.705947     0.1946    82.2803   6640.604     -0.123  1023.5677     4.3429 7.0431e+02 0.0000e+00
    161.250        646      1.084    27.1920   5.705944     0.1962    82.2794   6640.602     -0.121  1023.5675     4.3434 7.1532e+02 0.0000e+00
    161.500        647      1.094    27.1919   5.705936     0.1974    82.2869   6640.599     -0.105  1023.5675     4.3441 7.2524e+02 0.0000e+00
    161.750        648      1.113    27.1919   5.705927     0.1981    82.2978   6640.594     -0.076  1023.5675     4.3449 7.3379e+02 0.0000e+00
    162.000        649      1.137    27.1918   5.705921     0.1984    82.3098   6640.591     -0.039  1023.5676     4.3457 7.4198e+02 0.0000e+00
    162.250        650      1.162    27.1918   5.705917     0.1983    82.3225   6640.589     -0.000  1023.5677     4.3467 7.4810e+02 0.0000e+00
    162.500        651      1.186    27.1918   5.705916     0.1978    82.3348   6640.589      0.035  1023.5679     4.3477 7.4852e+02 0.0000e+00
    162.750        652      1.207    27.1918   5.705916     0.1969    82.3461   6640.589      0.061  1023.5680     4.3488 7.4734e+02 0.0000e+00
    163.000        653      1.224    27.1917   5.705919     0.1955    82.3570   6640.590      0.077  1023.5681     4.3498 7.5061e+02 0.0000e+00
    163.250        654      1.238    27.1917   5.705923     0.1937    82.3666   6640.592      0.083  1023.5682     4.3503 7.5910e+02 0.0000e+00
    163.500        655      1.247    27.1918   5.705929     0.1923    82.3714   6640.595      0.081  1023.5683     4.3505 7.6786e+02 0.0000e+00
    163.750        656      1.252    27.1918   5.705936     0.1913    82.3698   6640.599      0.072  1023.5683     4.3504 7.7059e+02 0.0000e+00
    164.000        657      1.253    27.1919   5.705944     0.1908    82.3664   6640.602      0.059  1023.5684     4.3502 7.7076e+02 0.0000e+00
    164.250        658      1.249    27.1920   5.705951     0.1906    82.3686   6640.606      0.044  1023.5683     4.3501 7.7238e+02 0.0000e+00
    164.500        659      1.243    27.1921   5.705959     0.1905    82.3805   6640.610      0.028  1023.5683     4.3501 7.6689e+02 0.0000e+00
    164.750        660      1.235    27.1921   5.705965     0.1904    82.3986   6640.613      0.013  1023.5682     4.3503 7.5099e+02 0.0000e+00
    165.000        661      1.228    27.1922   5.705970     0.1904    82.4152   6640.615     -0.000  1023.5681     4.3506 7.3405e+02 0.0000e+00
    165.250        662      1.223    27.1922   5.705973     0.1903    82.4265   6640.617     -0.011  1023.5680     4.3507 7.2196e+02 0.0000e+00
    165.500        663      1.219    27.1923   5.705973     0.1902    82.4329   6640.617     -0.017  1023.5680     4.3506 7.1408e+02 0.0000e+00
    165.750        664      1.217    27.1923   5.705972     0.1898    82.4355   6640.617     -0.020  1023.5679     4.3503 7.1107e+02 0.0000e+00
    166.000        665      1.214    27.1923   5.705970     0.1889    82.4367   6640.616     -0.021  1023.5679     4.3495 7.1372e+02 0.0000e+00
    166.250        666      1.208    27.1922   5.705968     0.1874    82.4376   6640.615     -0.019  1023.5678     4.3483 7.1894e+02 0.0000e+00
    166.500        667      1.201    27.1922   5.705966     0.1856    82.4372   6640.614     -0.019  1023.5678     4.3466 7.2534e+02 0.0000e+00
    166.750        668      1.192    27.1922   5.705963     0.1844    82.4331   6640.612     -0.019  1023.5678     4.3447 7.3320e+02 0.0000e+00
    167.000        669      1.182    27.1921   5.705959     0.1842    82.4239   6640.610     -0.021  1023.5677     4.3426 7.4187e+02 0.0000e+00
    167.250        670      1.173    27.1921   5.705953     0.1850    82.4123   6640.607     -0.025  1023.5677     4.3406 7.5091e+02 0.0000e+00
    167.500        671      1.168    27.1920   5.705945     0.1865    82.4039   6640.603     -0.028  1023.5677     4.3384 7.5640e+02 0.0000e+00
    167.750        672      1.164    27.1919   5.705934     0.1876    82.4014   6640.598     -0.029  1023.5677     4.3363 7.5568e+02 0.0000e+00
    168.000        673      1.163    27.1918   5.705922     0.1882    82.4041   6640.591     -0.028  1023.5677     4.3346 7.5359e+02 0.0000e+00
    168.250        674      1.162    27.1917   5.705909     0.1882    82.4096   6640.585     -0.025  1023.5677     4.3334 7.5507e+02 0.0000e+00
    168.500        675      1.161    27.1916   5.705897     0.1876    82.4136   6640.580     -0.020  1023.5677     4.3330 7.5660e+02 0.0000e+00
    168.750        676      1.161    27.1915   5.705888     0.1861    82.4134   6640.575     -0.014  1023.5677     4.3335 7.5376e+02 0.0000e+00
    169.000        677      1.162    27.1914   5.705880     0.1832    82.4093   6640.571     -0.009  1023.5678     4.3346 7.4863e+02 0.0000e+00
    169.250        678      1.166    27.1913   5.705870     0.1784    82.4022   6640.567     -0.003  1023.5678     4.3362 7.4579e+02 0.0000e+00
    169.500        679      1.175    27.1912   5.705857     0.1715    82.3921   6640.560      0.002  1023.5679     4.3381 7.5063e+02 0.0000e+00
    169.750        680      1.187    27.1911   5.705843     0.1638    82.3787   6640.553      0.009  1023.5679     4.3400 7.6283e+02 0.0000e+00
    170.000        681      1.203    27.1910   5.705831     0.1582    82.3645   6640.547      0.018  1023.5680     4.3418 7.7506e+02 0.0000e+00
    170.250        682      1.222    27.1909   5.705823     0.1561    82.3553   6640.543      0.028  1023.5682     4.3434 7.7681e+02 0.0000e+00
    170.500        683      1.242    27.1908   5.705815     0.1573    82.3538   6640.539      0.040  1023.5683     4.3449 7.6602e+02 0.0000e+00
    170.750        684      1.262    27.1908   5.705806     0.1608    82.3575   6640.535      0.052  1023.5684     4.3462 7.5418e+02 0.0000e+00
    171.000        685      1.282    27.1907   5.705799     0.1648    82.3623   6640.531      0.062  1023.5685     4.3472 7.4507e+02 0.0000e+00
    171.250        686      1.299    27.1907   5.705794     0.1685    82.3664   6640.529      0.069  1023.5687     4.3478 7.3764e+02 0.0000e+00
    171.500        687      1.313    27.1907   5.705794     0.1721    82.3698   6640.529      0.072  1023.5688     4.3478 7.3425e+02 0.0000e+00
    171.750        688      1.319    27.1908   5.705800     0.1759    82.3728   6640.532      0.070  1023.5689     4.3474 7.3098e+02 0.0000e+00
    172.000        689      1.317    27.1909   5.705813     0.1798    82.3756   6640.538      0.062  1023.5689     4.3468 7.2781e+02 0.0000e+00
    172.250        690      1.304    27.1910   5.705830     0.1833    82.3787   6640.546      0.047  1023.5689     4.3460 7.2831e+02 0.0000e+00
    172.500        691      1.281    27.1912   5.705853     0.1864    82.3819   6640.557      0.025  1023.5688     4.3453 7.3237e+02 0.0000e+00
    172.750        692      1.248    27.1915   5.705880     0.1893    82.3832   6640.571     -0.003  1023.5687     4.3446 7.4011e+02 0.0000e+00
    173.000        693      1.209    27.1917   5.705912     0.1920    82.3811   6640.587     -0.035  1023.5685     4.3442 7.4688e+02 0.0000e+00
    173.250        694      1.167    27.1920   5.705943     0.1945    82.3746   6640.602     -0.068  1023.5683     4.3439 7.5064e+02 0.0000e+00
    173.500        695      1.127    27.1922   5.705970     0.1969    82.3616   6640.615     -0.098  1023.5680     4.3438 7.5516e+02 0.0000e+00
    173.750        696      1.094    27.1923   5.705992     0.1991    82.3406   6640.626     -0.121  1023.5678     4.3437 7.5978e+02 0.0000e+00
    174.000        697      1.072    27.1924   5.706009     0.2014    82.3159   6640.634     -0.133  1023.5676     4.3436 7.6243e+02 0.0000e+00
    174.250        698      1.064    27.1924   5.706018     0.2036    82.2964   6640.639     -0.132  1023.5675     4.3435 7.6705e+02 0.0000e+00
    174.500        699      1.071    27.1924   5.706020     0.2052    82.2860   6640.640     -0.116  1023.5675     4.3435 7.7235e+02 0.0000e+00
    174.750        700      1.092    27.1924   5.706020     0.2059    82.2836   6640.640     -0.087  1023.5675     4.3436 7.7259e+02 0.0000e+00
    175.000        701      1.124    27.1924   5.706023     0.2058    82.2880   6640.641     -0.047  1023.5677     4.3442 7.7219e+02 0.0000e+00
    175.250        702      1.164    27.1924   5.706032     0.2055    82.2971   6640.646     -0.002  1023.5679     4.3451 7.7458e+02 0.0000e+00
    175.500        703      1.208    27.1925   5.706052     0.2060    82.3107   6640.656      0.045  1023.5682     4.3464 7.7664e+02 0.0000e+00
    175.750        704      1.252    27.1928   5.706092     0.2080    82.3266   6640.676      0.086  1023.5686     4.3477 7.7603e+02 0.0000e+00
    176.000        705      1.291    27.1931   5.706156     0.2116    82.3398   6640.707      0.119  1023.5690     4.3486 7.7579e+02 0.0000e+00
    176.250        706      1.321    27.1935   5.706221     0.2161    82.3477   6640.739      0.139  1023.5693     4.3490 7.7844e+02 0.0000e+00
    176.500        707      1.339    27.1938   5.706267     0.2197    82.3513   6640.762      0.145  1023.5692     4.3489 7.8161e+02 0.0000e+00
    176.750        708      1.343    27.1939   5.706287     0.2215    82.3529   6640.772      0.136  1023.5690     4.3483 7.8931e+02 0.0000e+00
    177.000        709      1.333    27.1939   5.706280     0.2215    82.3563   6640.768      0.114  1023.5687     4.3473 8.0009e+02 0.0000e+00
    177.250        710      1.312    27.1937   5.706248     0.2198    82.3637   6640.752      0.080  1023.5683     4.3460 8.0214e+02 0.0000e+00
    177.500        711      1.284    27.1934   5.706203     0.2170    82.3731   6640.730      0.039  1023.5680     4.3446 7.9659e+02 0.0000e+00
    177.750        712      1.253    27.1931   5.706154     0.2142    82.3790   6640.706     -0.003  1023.5678     4.3434 7.9154e+02 0.0000e+00
    178.000        713      1.224    27.1927   5.706110     0.2121    82.3789   6640.684     -0.041  1023.5677     4.3426 7.8934e+02 0.0000e+00
    178.250        714      1.200    27.1924   5.706069     0.2106    82.3730   6640.664     -0.071  1023.5677     4.3424 7.9266e+02 0.0000e+00
    178.500        715      1.182    27.1921   5.706031     0.2094    82.3619   6640.645     -0.089  1023.5677     4.3428 8.0469e+02 0.0000e+00
    178.750        716      1.170    27.1918   5.705993     0.2089    82.3459   6640.627     -0.095  1023.5677     4.3436 8.1732e+02 0.0000e+00
    179.000        717      1.161    27.1916   5.705960     0.2090    82.3246   6640.611     -0.091  1023.5678     4.3446 8.1916e+02 0.0000e+00
    179.250        718      1.154    27.1914   5.705939     0.2097    82.3022   6640.600     -0.080  1023.5679     4.3453 8.1633e+02 0.0000e+00
    179.500        719      1.149    27.1914   5.705932     0.2109    82.2880   6640.597     -0.066  1023.5680     4.3455 8.1534e+02 0.0000e+00
    179.750        720      1.144    27.1914   5.705937     0.2118    82.2865   6640.599     -0.051  1023.5682     4.3451 8.1381e+02 0.0000e+00
    180.000        721      1.140    27.1915   5.705950     0.2122    82.2923   6640.605     -0.039  1023.5683     4.3443 8.1608e+02 0.0000e+00
    180.250        722      1.138    27.1917   5.705969     0.2121    82.2943   6640.615     -0.029  1023.5683     4.3432 8.2303e+02 0.0000e+00
    180.500        723      1.139    27.1919   5.705993     0.2115    82.2865   6640.627     -0.021  1023.5684     4.3418 8.2792e+02 0.0000e+00
    180.750        724      1.143    27.1922   5.706025     0.2104    82.2718   6640.642     -0.014  1023.5684     4.3402 8.3206e+02 0.0000e+00
    181.000        725      1.153    27.1925   5.706064     0.2094    82.2564   6640.662     -0.006  1023.5685     4.3387 8.3844e+02 0.0000e+00
    181.250        726      1.171    27.1929   5.706113     0.2085    82.2429   6640.686      0.005  1023.5686     4.3377 8.4361e+02 0.0000e+00
    181.500        727      1.196    27.1935   5.706174     0.2078    82.2304   6640.716      0.020  1023.5687     4.3374 8.3919e+02 0.0000e+00
    181.750        728      1.229    27.1942   5.706251     0.2074    82.2185   6640.754      0.039  1023.5689     4.3377 8.2191e+02 0.0000e+00
    182.000        729      1.268    27.1950   5.706351     0.2074    82.2075   6640.803      0.062  1023.5691     4.3383 8.0064e+02 0.0000e+00
    182.250        730      1.307    27.1960   5.706467     0.2082    82.1974   6640.860      0.085  1023.5692     4.3392 7.7963e+02 0.0000e+00
    182.500        731      1.340    27.1969   5.706585     0.2097    82.1877   6640.918      0.106  1023.5692     4.3401 7.5914e+02 0.0000e+00
    182.750        732      1.360    27.1977   5.706692     0.2115    82.1791   6640.971      0.118  1023.5690     4.3411 7.4005e+02 0.0000e+00
    183.000        733      1.365    27.1984   5.706774     0.2127    82.1715   6641.012      0.119  1023.5686     4.3420 7.2146e+02 0.0000e+00
    183.250        734      1.352    27.1987   5.706812     0.2130    82.1616   6641.031      0.105  1023.5680     4.3425 7.0806e+02 0.0000e+00
    183.500        735      1.323    27.1987   5.706810     0.2123    82.1428   6641.030      0.075  1023.5673     4.3424 7.0398e+02 0.0000e+00
    183.750        736      1.280    27.1986   5.706788     0.2108    82.1114   6641.019      0.032  1023.5668     4.3417 7.0508e+02 0.0000e+00
    184.000        737      1.227    27.1984   5.706760     0.2086    82.0656   6641.005     -0.019  1023.5664     4.3404 7.0888e+02 0.0000e+00
    184.250        738      1.171    27.1982   5.706728     0.2065    82.0169   6640.989     -0.072  1023.5660     4.3388 7.1754e+02 0.0000e+00
    184.500        739      1.118    27.1979   5.706693     0.2045    81.9905   6640.972     -0.120  1023.5658     4.3372 7.3132e+02 0.0000e+00
    184.750        740      1.076    27.1976   5.706662     0.2025    81.9991   6640.957     -0.156  1023.5657     4.3360 7.4769e+02 0.0000e+00
    185.000        741      1.052    27.1974   5.706636     0.2007    82.0297   6640.944     -0.174  1023.5657     4.3352 7.5842e+02 0.0000e+00
    185.250        742      1.048    27.1973   5.706618     0.1992    82.0580   6640.935     -0.170  1023.5658     4.3348 7.5923e+02 0.0000e+00
    185.500        743      1.065    27.1973   5.706616     0.1984    82.0727   6640.934     -0.145  1023.5661     4.3347 7.5681e+02 0.0000e+00
    185.750        744      1.099    27.1974   5.706629     0.1981    82.0752   6640.941     -0.101  1023.5664     4.3349 7.5949e+02 0.0000e+00
