raw/df8c362d7c6fa2f29d53a811c9b50a61a21b676bA.cnv
* Sea-Bird SBE19plus  Data File:
* FileName = \\FERGIE-PC\Data\Trip 6086\Data\CTD\GB14070.hex
* Software version 2.3.0
* Temperature SN = 7360
* Conductivity SN = 7360
* System UpLoad Time = Nov 11 2014 22:46:50
* <ApplicationData>
* <Seaterm232>
# nquan = 13
# nvalues = 1310                        
# units = specified
# name 0 = timeS: Time, Elapsed [seconds]
# name 1 = scan: Scan Count
# name 2 = prdM: Pressure, Strain Gauge [db]
# name 3 = tv290C: Temperature [ITS-90, deg C]
# name 4 = c0S/m: Conductivity [S/m]
# name 5 = flECO-AFL: Fluorescence, WET Labs ECO-AFL/FL [mg/m^3]
# name 6 = CStarTr0: Beam Transmission, WET Labs C-Star [%]
# name 7 = f1: Frequency 1
# name 8 = dz/dtM: Descent Rate [m/s]
# name 9 = density00: Density [density, kg/m^3]
# name 10 = sbeox0ML/L: Oxygen, SBE 43 [ml/l]
# name 11 = par: PAR/Irradiance, Biospherical/Licor
# name 12 = flag:  0.000e+00
# span 0 =     75.000,    402.250       
# span 1 =        301,       1610       
# span 2 =      1.048,     18.699       
# span 3 =    27.1839,    27.2123       
# span 4 =   5.703755,   5.718486       
# span 5 =     0.1561,     0.6812       
# span 6 =    43.6851,    82.5868       
# span 7 =   6639.522,   6646.782       
# span 8 =     -0.174,      0.664       
# span 9 =  1023.5548,  1023.6882       
# span 10 =     4.0867,     4.3577      
# span 11 = 3.6834e+00, 8.8224e+02      
# span 12 = 0.0000e+00, 0.0000e+00      
# interval = seconds: 0.25
# start_time = Nov 11 2014 21:38:42 [Instrument's time stamp, header]
# bad_flag = -9.990e-29
*END*
[from data line 112]
    103.000        413      1.142    27.1891   5.705619     0.2002    82.3391   6640.442     -0.032  1023.5685     4.3395 7.9643e+02 0.0000e+00
    103.250        414      1.170    27.1892   5.705625     0.2021    82.3279   6640.446     -0.002  1023.5687     4.3419 8.0761e+02 0.0000e+00
    103.500        415      1.199    27.1893   5.705639     0.2036    82.3198   6640.452      0.029  1023.5689     4.3450 8.1705e+02 0.0000e+00
    103.750        416      1.227    27.1894   5.705660     0.2046    82.3137   6640.463      0.058  1023.5691     4.3484 8.3039e+02 0.0000e+00
    104.000        417      1.252    27.1896   5.705688     0.2049    82.3095   6640.476      0.080  1023.5692     4.3516 8.4051e+02 0.0000e+00
    104.250        418      1.272    27.1898   5.705717     0.2048    82.3096   6640.491      0.093  1023.5693     4.3544 8.4116e+02 0.0000e+00
    104.500        419      1.288    27.1900   5.705742     0.2044    82.3196   6640.503      0.098  1023.5693     4.3564 8.3299e+02 0.0000e+00
    104.750        420      1.296    27.1901   5.705760     0.2038    82.3432   6640.512      0.093  1023.5693     4.3575 8.1891e+02 0.0000e+00
    105.000        421      1.296    27.1902   5.705771     0.2032    82.3756   6640.517      0.081  1023.5692     4.3577 8.0410e+02 0.0000e+00
    105.250        422      1.288    27.1903   5.705773     0.2025    82.4058   6640.518      0.063  1023.5691     4.3571 7.8940e+02 0.0000e+00
    105.500        423      1.273    27.1902   5.705770     0.2016    82.4291   6640.517      0.039  1023.5689     4.3561 7.7866e+02 0.0000e+00
    105.750        424      1.251    27.1902   5.705762     0.2008    82.4467   6640.513      0.013  1023.5688     4.3547 7.8031e+02 0.0000e+00
    106.000        425      1.226    27.1901   5.705752     0.2000    82.4587   6640.508     -0.014  1023.5686     4.3530 7.8457e+02 0.0000e+00
    106.250        426      1.200    27.1900   5.705739     0.1993    82.4651   6640.501     -0.039  1023.5685     4.3509 7.7709e+02 0.0000e+00
    106.500        427      1.175    27.1899   5.705724     0.1986    82.4669   6640.494     -0.061  1023.5684     4.3485 7.6863e+02 0.0000e+00
    106.750        428      1.154    27.1899   5.705713     0.1979    82.4640   6640.489     -0.077  1023.5683     4.3461 7.7187e+02 0.0000e+00
    107.000        429      1.139    27.1898   5.705703     0.1972    82.4546   6640.483     -0.085  1023.5683     4.3438 7.8899e+02 0.0000e+00
    107.250        430      1.131    27.1897   5.705687     0.1964    82.4373   6640.476     -0.085  1023.5682     4.3417 8.1518e+02 0.0000e+00
    107.500        431      1.129    27.1895   5.705666     0.1955    82.4162   6640.465     -0.077  1023.5681     4.3396 8.3940e+02 0.0000e+00
    107.750        432      1.132    27.1894   5.705643     0.1948    82.3998   6640.454     -0.063  1023.5681     4.3375 8.5783e+02 0.0000e+00
    108.000        433      1.139    27.1893   5.705625     0.1946    82.3923   6640.445     -0.045  1023.5682     4.3357 8.6973e+02 0.0000e+00
    108.250        434      1.147    27.1892   5.705616     0.1952    82.3936   6640.441     -0.025  1023.5683     4.3344 8.7676e+02 0.0000e+00
    108.500        435      1.157    27.1892   5.705614     0.1966    82.4014   6640.440     -0.006  1023.5684     4.3335 8.8224e+02 0.0000e+00
    108.750        436      1.167    27.1892   5.705618     0.1985    82.4099   6640.442      0.010  1023.5686     4.3330 8.8208e+02 0.0000e+00
    109.000        437      1.179    27.1892   5.705623     0.2000    82.4163   6640.444      0.022  1023.5687     4.3328 8.7210e+02 0.0000e+00
    109.250        438      1.193    27.1892   5.705626     0.2008    82.4215   6640.446      0.032  1023.5687     4.3331 8.5109e+02 0.0000e+00
    109.500        439      1.211    27.1892   5.705627     0.2009    82.4261   6640.446      0.041  1023.5688     4.3340 8.2345e+02 0.0000e+00
    109.750        440      1.233    27.1892   5.705628     0.2006    82.4308   6640.447      0.049  1023.5689     4.3356 7.9690e+02 0.0000e+00
    110.000        441      1.258    27.1893   5.705630     0.2002    82.4360   6640.447      0.058  1023.5690     4.3378 7.7527e+02 0.0000e+00
    110.250        442      1.281    27.1893   5.705636     0.1999    82.4423   6640.450      0.067  1023.5691     4.3400 7.6031e+02 0.0000e+00
    110.500        443      1.299    27.1894   5.705647     0.1999    82.4505   6640.456      0.074  1023.5692     4.3422 7.4782e+02 0.0000e+00
    110.750        444      1.309    27.1895   5.705664     0.1999    82.4614   6640.464      0.076  1023.5693     4.3442 7.3549e+02 0.0000e+00
    111.000        445      1.307    27.1897   5.705683     0.2001    82.4735   6640.474      0.072  1023.5693     4.3458 7.2913e+02 0.0000e+00
    111.250        446      1.293    27.1898   5.705703     0.2001    82.4830   6640.484      0.058  1023.5692     4.3469 7.3119e+02 0.0000e+00
    111.500        447      1.267    27.1900   5.705721     0.1997    82.4885   6640.493      0.035  1023.5691     4.3473 7.3747e+02 0.0000e+00
    111.750        448      1.232    27.1901   5.705737     0.1991    82.4908   6640.501      0.003  1023.5689     4.3471 7.4099e+02 0.0000e+00
    112.000        449      1.192    27.1902   5.705746     0.1983    82.4916   6640.505     -0.033  1023.5687     4.3466 7.4117e+02 0.0000e+00
    112.250        450      1.152    27.1902   5.705746     0.1979    82.4918   6640.505     -0.069  1023.5684     4.3461 7.4336e+02 0.0000e+00
    112.500        451      1.116    27.1901   5.705737     0.1979    82.4907   6640.501     -0.100  1023.5681     4.3458 7.4647e+02 0.0000e+00
    112.750        452      1.091    27.1900   5.705720     0.1984    82.4865   6640.492     -0.120  1023.5679     4.3458 7.4729e+02 0.0000e+00
    113.000        453      1.078    27.1898   5.705695     0.1991    82.4780   6640.480     -0.127  1023.5678     4.3462 7.4879e+02 0.0000e+00
    113.250        454      1.080    27.1895   5.705664     0.1995    82.4646   6640.465     -0.118  1023.5678     4.3468 7.5319e+02 0.0000e+00
    113.500        455      1.094    27.1893   5.705634     0.1996    82.4487   6640.450     -0.096  1023.5679     4.3474 7.5443e+02 0.0000e+00
    113.750        456      1.117    27.1890   5.705606     0.1995    82.4367   6640.436     -0.062  1023.5680     4.3478 7.4949e+02 0.0000e+00
    114.000        457      1.147    27.1888   5.705580     0.1990    82.4311   6640.423     -0.023  1023.5682     4.3480 7.4479e+02 0.0000e+00
    114.250        458      1.179    27.1886   5.705555     0.1983    82.4307   6640.411      0.018  1023.5684     4.3479 7.4350e+02 0.0000e+00
    114.500        459      1.213    27.1883   5.705530     0.1979    82.4342   6640.398      0.055  1023.5687     4.3477 7.4398e+02 0.0000e+00
    114.750        460      1.246    27.1881   5.705504     0.1979    82.4416   6640.386      0.085  1023.5689     4.3473 7.4155e+02 0.0000e+00
    115.000        461      1.277    27.1878   5.705478     0.1986    82.4528   6640.373      0.106  1023.5691     4.3468 7.3170e+02 0.0000e+00
    115.250        462      1.304    27.1876   5.705452     0.1998    82.4658   6640.360      0.118  1023.5693     4.3463 7.2044e+02 0.0000e+00
    115.500        463      1.324    27.1874   5.705431     0.2017    82.4799   6640.350      0.121  1023.5695     4.3457 7.1732e+02 0.0000e+00
    115.750        464      1.335    27.1872   5.705419     0.2043    82.4959   6640.344      0.115  1023.5697     4.3451 7.2256e+02 0.0000e+00
    116.000        465      1.335    27.1872   5.705417     0.2079    82.5119   6640.343      0.100  1023.5698     4.3444 7.2493e+02 0.0000e+00
    116.250        466      1.322    27.1872   5.705424     0.2119    82.5234   6640.346      0.077  1023.5699     4.3441 7.1475e+02 0.0000e+00
    116.500        467      1.297    27.1873   5.705437     0.2152    82.5283   6640.353      0.047  1023.5699     4.3443 6.9654e+02 0.0000e+00
    116.750        468      1.263    27.1874   5.705453     0.2171    82.5289   6640.361      0.012  1023.5699     4.3447 6.7958e+02 0.0000e+00
    117.000        469      1.223    27.1875   5.705466     0.2179    82.5287   6640.367     -0.027  1023.5697     4.3452 6.6561e+02 0.0000e+00
    117.250        470      1.181    27.1876   5.705476     0.2176    82.5289   6640.372     -0.065  1023.5695     4.3456 6.5491e+02 0.0000e+00
    117.500        471      1.143    27.1877   5.705481     0.2169    82.5296   6640.375     -0.098  1023.5693     4.3457 6.5359e+02 0.0000e+00
    117.750        472      1.112    27.1877   5.705483     0.2165    82.5310   6640.375     -0.122  1023.5691     4.3451 6.6246e+02 0.0000e+00
    118.000        473      1.089    27.1877   5.705483     0.2168    82.5326   6640.375     -0.134  1023.5689     4.3439 6.7505e+02 0.0000e+00
    118.250        474      1.075    27.1877   5.705479     0.2178    82.5338   6640.373     -0.133  1023.5688     4.3422 6.9003e+02 0.0000e+00
    118.500        475      1.072    27.1877   5.705472     0.2191    82.5347   6640.370     -0.120  1023.5688     4.3403 7.0848e+02 0.0000e+00
    118.750        476      1.079    27.1877   5.705464     0.2198    82.5360   6640.366     -0.097  1023.5688     4.3389 7.2385e+02 0.0000e+00
    119.000        477      1.098    27.1877   5.705461     0.2195    82.5380   6640.365     -0.066  1023.5688     4.3384 7.3169e+02 0.0000e+00
    119.250        478      1.128    27.1877   5.705467     0.2183    82.5395   6640.367     -0.029  1023.5690     4.3388 7.3627e+02 0.0000e+00
    119.500        479      1.167    27.1879   5.705480     0.2160    82.5379   6640.374      0.011  1023.5692     4.3399 7.4034e+02 0.0000e+00
    119.750        480      1.210    27.1880   5.705498     0.2133    82.5320   6640.383      0.051  1023.5694     4.3414 7.4080e+02 0.0000e+00
    120.000        481      1.252    27.1882   5.705517     0.2110    82.5214   6640.392      0.087  1023.5696     4.3433 7.3501e+02 0.0000e+00
    120.250        482      1.287    27.1883   5.705538     0.2096    82.5079   6640.403      0.115  1023.5697     4.3452 7.2846e+02 0.0000e+00
    120.500        483      1.312    27.1885   5.705562     0.2091    82.4966   6640.414      0.131  1023.5698     4.3471 7.2557e+02 0.0000e+00
    120.750        484      1.324    27.1887   5.705589     0.2092    82.4895   6640.428      0.135  1023.5699     4.3488 7.2254e+02 0.0000e+00
    121.000        485      1.324    27.1889   5.705615     0.2094    82.4851   6640.440      0.124  1023.5698     4.3504 7.1837e+02 0.0000e+00
    121.250        486      1.314    27.1891   5.705638     0.2093    82.4802   6640.452      0.100  1023.5697     4.3518 7.1512e+02 0.0000e+00
    121.500        487      1.294    27.1893   5.705658     0.2091    82.4728   6640.462      0.067  1023.5696     4.3526 7.0911e+02 0.0000e+00
    121.750        488      1.271    27.1894   5.705671     0.2087    82.4639   6640.468      0.029  1023.5694     4.3528 7.0025e+02 0.0000e+00
    122.000        489      1.246    27.1894   5.705674     0.2080    82.4561   6640.469     -0.008  1023.5692     4.3520 6.9616e+02 0.0000e+00
    122.250        490      1.223    27.1894   5.705670     0.2071    82.4506   6640.467     -0.039  1023.5690     4.3505 6.9912e+02 0.0000e+00
    122.500        491      1.202    27.1893   5.705660     0.2058    82.4471   6640.463     -0.063  1023.5688     4.3486 7.0544e+02 0.0000e+00
    122.750        492      1.183    27.1892   5.705648     0.2042    82.4454   6640.456     -0.078  1023.5687     4.3463 7.1365e+02 0.0000e+00
    123.000        493      1.166    27.1891   5.705631     0.2024    82.4453   6640.448     -0.084  1023.5686     4.3439 7.2669e+02 0.0000e+00
    123.250        494      1.151    27.1889   5.705608     0.2010    82.4466   6640.437     -0.084  1023.5685     4.3417 7.4398e+02 0.0000e+00
    123.500        495      1.141    27.1887   5.705582     0.2003    82.4489   6640.424     -0.078  1023.5684     4.3399 7.6076e+02 0.0000e+00
    123.750        496      1.135    27.1885   5.705555     0.2002    82.4513   6640.411     -0.069  1023.5684     4.3389 7.7395e+02 0.0000e+00
    124.000        497      1.136    27.1882   5.705527     0.2005    82.4534   6640.397     -0.057  1023.5685     4.3388 7.7842e+02 0.0000e+00
    124.250        498      1.143    27.1880   5.705501     0.2013    82.4560   6640.384     -0.043  1023.5685     4.3393 7.7385e+02 0.0000e+00
    124.500        499      1.155    27.1879   5.705480     0.2024    82.4586   6640.374     -0.026  1023.5687     4.3401 7.6827e+02 0.0000e+00
    124.750        500      1.169    27.1877   5.705464     0.2038    82.4591   6640.366     -0.007  1023.5688     4.3408 7.6198e+02 0.0000e+00
    125.000        501      1.185    27.1877   5.705454     0.2053    82.4564   6640.361      0.011  1023.5690     4.3413 7.5323e+02 0.0000e+00
    125.250        502      1.200    27.1876   5.705449     0.2063    82.4524   6640.358      0.027  1023.5691     4.3415 7.4733e+02 0.0000e+00
    125.500        503      1.214    27.1876   5.705448     0.2064    82.4506   6640.358      0.040  1023.5693     4.3415 7.4868e+02 0.0000e+00
    125.750        504      1.227    27.1875   5.705449     0.2058    82.4527   6640.359      0.049  1023.5694     4.3413 7.5405e+02 0.0000e+00
    126.000        505      1.240    27.1875   5.705454     0.2045    82.4577   6640.361      0.054  1023.5695     4.3410 7.5512e+02 0.0000e+00
    126.250        506      1.252    27.1876   5.705461     0.2027    82.4646   6640.364      0.055  1023.5696     4.3405 7.5151e+02 0.0000e+00
    126.500        507      1.265    27.1876   5.705469     0.2012    82.4735   6640.368      0.055  1023.5697     4.3402 7.4831e+02 0.0000e+00
    126.750        508      1.275    27.1877   5.705479     0.2003    82.4856   6640.373      0.053  1023.5698     4.3400 7.4578e+02 0.0000e+00
    127.000        509      1.282    27.1878   5.705493     0.1999    82.5005   6640.380      0.050  1023.5698     4.3403 7.4252e+02 0.0000e+00
    127.250        510      1.284    27.1879   5.705510     0.1999    82.5155   6640.388      0.044  1023.5699     4.3411 7.3962e+02 0.0000e+00
    127.500        511      1.278    27.1881   5.705528     0.1999    82.5293   6640.398      0.036  1023.5698     4.3425 7.3588e+02 0.0000e+00
    127.750        512      1.264    27.1883   5.705547     0.1995    82.5423   6640.407      0.023  1023.5698     4.3442 7.2976e+02 0.0000e+00
    128.000        513      1.242    27.1884   5.705563     0.1989    82.5549   6640.415      0.005  1023.5696     4.3459 7.2367e+02 0.0000e+00
    128.250        514      1.215    27.1886   5.705575     0.1981    82.5672   6640.421     -0.016  1023.5694     4.3472 7.2196e+02 0.0000e+00
    128.500        515      1.184    27.1887   5.705583     0.1977    82.5783   6640.425     -0.040  1023.5692     4.3481 7.2500e+02 0.0000e+00
    128.750        516      1.155    27.1887   5.705584     0.1976    82.5853   6640.425     -0.063  1023.5690     4.3484 7.2838e+02 0.0000e+00
    129.000        517      1.133    27.1887   5.705582     0.1980    82.5868   6640.424     -0.081  1023.5687     4.3481 7.3060e+02 0.0000e+00
    129.250        518      1.120    27.1887   5.705573     0.1989    82.5830   6640.420     -0.091  1023.5686     4.3473 7.3143e+02 0.0000e+00
    129.500        519      1.118    27.1886   5.705558     0.1999    82.5750   6640.412     -0.090  1023.5685     4.3464 7.3089e+02 0.0000e+00
    129.750        520      1.126    27.1884   5.705541     0.2005    82.5646   6640.404     -0.078  1023.5685     4.3455 7.3046e+02 0.0000e+00
    130.000        521      1.140    27.1883   5.705524     0.2004    82.5520   6640.395     -0.056  1023.5685     4.3449 7.3060e+02 0.0000e+00
    130.250        522      1.157    27.1882   5.705510     0.1996    82.5376   6640.389     -0.029  1023.5687     4.3442 7.3365e+02 0.0000e+00
