raw/df8c362d7c6fa2f29d53a811c9b50a61a21b676bA.cnv
* Sea-Bird SBE19plus  Data File:
* FileName = \\FERGIE-PC\Data\Trip 6086\Data\CTD\GB14070.hex
* Software version 2.3.0
* Temperature SN = 7360
* Conductivity SN = 7360
* System UpLoad Time = Nov 11 2014 22:46:50
* <ApplicationData>
* <Seaterm232>
# nquan = 13
# nvalues = 1310                        
# units = specified
# name 0 = timeS: Time, Elapsed [seconds]
# name 1 = scan: Scan Count
# name 2 = prdM: Pressure, Strain Gauge [db]
# name 3 = tv290C: Temperature [ITS-90, deg C]
# name 4 = c0S/m: Conductivity [S/m]
# name 5 = flECO-AFL: Fluorescence, WET Labs ECO-AFL/FL [mg/m^3]
# name 6 = CStarTr0: Beam Transmission, WET Labs C-Star [%]
# name 7 = f1: Frequency 1
# name 8 = dz/dtM: Descent Rate [m/s]
# name 9 = density00: Density [density, kg/m^3]
# name 10 = sbeox0ML/L: Oxygen, SBE 43 [ml/l]
# name 11 = par: PAR/Irradiance, Biospherical/Licor
# name 12 = flag:  0.000e+00
# span 0 =     75.000,    402.250       
# span 1 =        301,       1610       
# span 2 =      1.048,     18.699       
# span 3 =    27.1839,    27.2123       
# span 4 =   5.703755,   5.718486       
# span 5 =     0.1561,     0.6812       
# span 6 =    43.6851,    82.5868       
# span 7 =   6639.522,   6646.782       
# span 8 =     -0.174,      0.664       
# span 9 =  1023.5548,  1023.6882       
# span 10 =     4.0867,     4.3577      
# span 11 = 3.6834e+00, 8.8224e+02      
# span 12 = 0.0000e+00, 0.0000e+00      
# interval = seconds: 0.25
# start_time = Nov 11 2014 21:38:42 [Instrument's time stamp, header]
# bad_flag = -9.990e-29
*END*
[from data line 1001]
    325.250       1302      6.051    27.1890   5.706459     0.2566    81.3592   6640.855      0.605  1023.5928     4.3371 1.5199e+02 0.0000e+00
    325.500       1303      6.168    27.1889   5.706451     0.2602    81.3389   6640.851      0.587  1023.5934     4.3384 1.4579e+02 0.0000e+00
    325.750       1304      6.275    27.1887   5.706444     0.2639    81.3329   6640.848      0.560  1023.5939     4.3390 1.4031e+02 0.0000e+00
    326.000       1305      6.373    27.1886   5.706437     0.2677    81.3383   6640.844      0.527  1023.5944     4.3390 1.3555e+02 0.0000e+00
    326.250       1306      6.465    27.1885   5.706428     0.2718    81.3536   6640.840      0.491  1023.5949     4.3385 1.3145e+02 0.0000e+00
    326.500       1307      6.554    27.1884   5.706417     0.2762    81.3758   6640.834      0.456  1023.5953     4.3378 1.2780e+02 0.0000e+00
    326.750       1308      6.641    27.1882   5.706404     0.2807    81.3987   6640.828      0.424  1023.5956     4.3372 1.2429e+02 0.0000e+00
    327.000       1309      6.731    27.1880   5.706386     0.2838    81.4197   6640.819      0.398  1023.5960     4.3367 1.2079e+02 0.0000e+00
    327.250       1310      6.824    27.1878   5.706363     0.2848    81.4398   6640.808      0.380  1023.5964     4.3365 1.1737e+02 0.0000e+00
    327.500       1311      6.923    27.1876   5.706336     0.2840    81.4569   6640.794      0.370  1023.5968     4.3365 1.1408e+02 0.0000e+00
    327.750       1312      7.028    27.1874   5.706305     0.2821    81.4660   6640.779      0.370  1023.5973     4.3366 1.1081e+02 0.0000e+00
    328.000       1313      7.142    27.1872   5.706275     0.2807    81.4648   6640.764      0.379  1023.5978     4.3366 1.0742e+02 0.0000e+00
    328.250       1314      7.264    27.1870   5.706248     0.2805    81.4553   6640.751      0.395  1023.5984     4.3363 1.0388e+02 0.0000e+00
    328.500       1315      7.396    27.1868   5.706223     0.2813    81.4406   6640.738      0.417  1023.5990     4.3357 1.0030e+02 0.0000e+00
    328.750       1316      7.537    27.1867   5.706208     0.2833    81.4214   6640.731      0.445  1023.5996     4.3347 9.6739e+01 0.0000e+00
    329.000       1317      7.688    27.1865   5.706213     0.2859    81.3995   6640.733      0.476  1023.6004     4.3338 9.3206e+01 0.0000e+00
    329.250       1318      7.847    27.1864   5.706226     0.2883    81.3806   6640.740      0.510  1023.6013     4.3333 8.9691e+01 0.0000e+00
    329.500       1319      8.012    27.1863   5.706239     0.2900    81.3672   6640.746      0.545  1023.6021     4.3331 8.6221e+01 0.0000e+00
    329.750       1320      8.182    27.1861   5.706251     0.2911    81.3586   6640.752      0.579  1023.6030     4.3335 8.2853e+01 0.0000e+00
    330.000       1321      8.353    27.1860   5.706262     0.2918    81.3524   6640.758      0.610  1023.6039     4.3341 7.9637e+01 0.0000e+00
    330.250       1322      8.523    27.1859   5.706272     0.2924    81.3449   6640.762      0.635  1023.6047     4.3350 7.6610e+01 0.0000e+00
    330.500       1323      8.690    27.1858   5.706280     0.2930    81.3342   6640.766      0.653  1023.6055     4.3360 7.3807e+01 0.0000e+00
    330.750       1324      8.850    27.1857   5.706287     0.2935    81.3208   6640.770      0.663  1023.6063     4.3370 7.1248e+01 0.0000e+00
    331.000       1325      9.003    27.1856   5.706295     0.2942    81.3064   6640.773      0.664  1023.6071     4.3377 6.8928e+01 0.0000e+00
    331.250       1326      9.147    27.1855   5.706302     0.2950    81.2915   6640.777      0.656  1023.6078     4.3379 6.6823e+01 0.0000e+00
    331.500       1327      9.282    27.1854   5.706307     0.2960    81.2754   6640.780      0.640  1023.6085     4.3374 6.4893e+01 0.0000e+00
    331.750       1328      9.409    27.1854   5.706309     0.2973    81.2604   6640.781      0.617  1023.6091     4.3362 6.3085e+01 0.0000e+00
    332.000       1329      9.530    27.1853   5.706308     0.2990    81.2521   6640.780      0.590  1023.6096     4.3346 6.1348e+01 0.0000e+00
    332.250       1330      9.645    27.1851   5.706302     0.3009    81.2533   6640.777      0.560  1023.6101     4.3329 5.9652e+01 0.0000e+00
    332.500       1331      9.757    27.1850   5.706290     0.3026    81.2599   6640.771      0.531  1023.6106     4.3313 5.7985e+01 0.0000e+00
    332.750       1332      9.868    27.1849   5.706274     0.3040    81.2645   6640.763      0.505  1023.6110     4.3301 5.6346e+01 0.0000e+00
    333.000       1333      9.980    27.1848   5.706256     0.3053    81.2630   6640.754      0.484  1023.6115     4.3292 5.4741e+01 0.0000e+00
    333.250       1334     10.092    27.1846   5.706238     0.3063    81.2574   6640.745      0.468  1023.6120     4.3287 5.3179e+01 0.0000e+00
    333.500       1335     10.206    27.1845   5.706219     0.3067    81.2515   6640.736      0.458  1023.6125     4.3287 5.1665e+01 0.0000e+00
    333.750       1336     10.323    27.1843   5.706201     0.3061    81.2476   6640.727      0.453  1023.6130     4.3289 5.0203e+01 0.0000e+00
    334.000       1337     10.442    27.1842   5.706186     0.3046    81.2456   6640.719      0.454  1023.6135     4.3292 4.8790e+01 0.0000e+00
    334.250       1338     10.565    27.1842   5.706175     0.3025    81.2465   6640.714      0.458  1023.6141     4.3294 4.7411e+01 0.0000e+00
    334.500       1339     10.693    27.1841   5.706167     0.3008    81.2528   6640.710      0.466  1023.6146     4.3294 4.6044e+01 0.0000e+00
    334.750       1340     10.826    27.1840   5.706161     0.2996    81.2662   6640.707      0.477  1023.6152     4.3292 4.4665e+01 0.0000e+00
    335.000       1341     10.967    27.1839   5.706158     0.2988    81.2841   6640.706      0.491  1023.6159     4.3290 4.3263e+01 0.0000e+00
    335.250       1342     11.116    27.1839   5.706158     0.2985    81.3016   6640.705      0.509  1023.6165     4.3290 4.1840e+01 0.0000e+00
    335.500       1343     11.272    27.1839   5.706160     0.2985    81.3170   6640.706      0.530  1023.6172     4.3291 4.0407e+01 0.0000e+00
    335.750       1344     11.433    27.1839   5.706165     0.2985    81.3294   6640.709      0.554  1023.6179     4.3294 3.8981e+01 0.0000e+00
    336.000       1345     11.598    27.1839   5.706172     0.2985    81.3362   6640.712      0.578  1023.6187     4.3298 3.7581e+01 0.0000e+00
    336.250       1346     11.765    27.1840   5.706183     0.2984    81.3365   6640.718      0.602  1023.6194     4.3305 3.6230e+01 0.0000e+00
    336.500       1347     11.931    27.1840   5.706198     0.2983    81.3299   6640.725      0.623  1023.6201     4.3314 3.4948e+01 0.0000e+00
    336.750       1348     12.095    27.1841   5.706216     0.2985    81.3184   6640.734      0.639  1023.6208     4.3321 3.3741e+01 0.0000e+00
    337.000       1349     12.255    27.1841   5.706234     0.2990    81.3068   6640.743      0.649  1023.6215     4.3326 3.2609e+01 0.0000e+00
    337.250       1350     12.411    27.1841   5.706249     0.2999    81.2973   6640.750      0.653  1023.6222     4.3326 3.1548e+01 0.0000e+00
    337.500       1351     12.563    27.1841   5.706260     0.3012    81.2911   6640.755      0.650  1023.6229     4.3322 3.0551e+01 0.0000e+00
    337.750       1352     12.709    27.1841   5.706269     0.3024    81.2902   6640.760      0.641  1023.6235     4.3316 2.9611e+01 0.0000e+00
    338.000       1353     12.851    27.1841   5.706277     0.3034    81.2957   6640.764      0.628  1023.6241     4.3311 2.8719e+01 0.0000e+00
    338.250       1354     12.988    27.1841   5.706284     0.3043    81.3085   6640.767      0.613  1023.6247     4.3307 2.7874e+01 0.0000e+00
    338.500       1355     13.121    27.1841   5.706291     0.3052    81.3254   6640.771      0.595  1023.6253     4.3305 2.7075e+01 0.0000e+00
    338.750       1356     13.248    27.1841   5.706299     0.3059    81.3385   6640.775      0.577  1023.6258     4.3306 2.6321e+01 0.0000e+00
    339.000       1357     13.372    27.1841   5.706309     0.3064    81.3441   6640.779      0.558  1023.6264     4.3308 2.5611e+01 0.0000e+00
    339.250       1358     13.493    27.1841   5.706318     0.3065    81.3431   6640.784      0.540  1023.6269     4.3309 2.4937e+01 0.0000e+00
    339.500       1359     13.611    27.1841   5.706329     0.3062    81.3375   6640.789      0.523  1023.6274     4.3307 2.4291e+01 0.0000e+00
    339.750       1360     13.728    27.1842   5.706341     0.3058    81.3276   6640.795      0.507  1023.6280     4.3303 2.3661e+01 0.0000e+00
    340.000       1361     13.845    27.1842   5.706353     0.3055    81.3166   6640.801      0.494  1023.6285     4.3298 2.3037e+01 0.0000e+00
    340.250       1362     13.965    27.1842   5.706366     0.3055    81.3110   6640.808      0.485  1023.6290     4.3295 2.2415e+01 0.0000e+00
    340.500       1363     14.087    27.1843   5.706380     0.3060    81.3142   6640.814      0.479  1023.6296     4.3296 2.1791e+01 0.0000e+00
    340.750       1364     14.213    27.1844   5.706396     0.3069    81.3267   6640.822      0.479  1023.6301     4.3301 2.1172e+01 0.0000e+00
    341.000       1365     14.341    27.1845   5.706410     0.3082    81.3454   6640.829      0.482  1023.6307     4.3307 2.0567e+01 0.0000e+00
    341.250       1366     14.470    27.1845   5.706423     0.3096    81.3624   6640.835      0.488  1023.6312     4.3314 1.9989e+01 0.0000e+00
    341.500       1367     14.596    27.1846   5.706433     0.3113    81.3735   6640.840      0.494  1023.6317     4.3321 1.9452e+01 0.0000e+00
    341.750       1368     14.717    27.1847   5.706444     0.3132    81.3802   6640.846      0.498  1023.6322     4.3325 1.8964e+01 0.0000e+00
    342.000       1369     14.830    27.1847   5.706454     0.3151    81.3844   6640.850      0.498  1023.6326     4.3325 1.8533e+01 0.0000e+00
    342.250       1370     14.932    27.1848   5.706463     0.3163    81.3876   6640.855      0.490  1023.6330     4.3323 1.8160e+01 0.0000e+00
    342.500       1371     15.022    27.1849   5.706474     0.3162    81.3907   6640.860      0.474  1023.6334     4.3322 1.7838e+01 0.0000e+00
    342.750       1372     15.102    27.1850   5.706485     0.3149    81.3952   6640.865      0.450  1023.6337     4.3324 1.7551e+01 0.0000e+00
    343.000       1373     15.174    27.1850   5.706495     0.3128    81.4018   6640.871      0.419  1023.6340     4.3330 1.7288e+01 0.0000e+00
    343.250       1374     15.238    27.1851   5.706507     0.3107    81.4108   6640.876      0.384  1023.6342     4.3339 1.7047e+01 0.0000e+00
    343.500       1375     15.295    27.1852   5.706520     0.3087    81.4212   6640.883      0.348  1023.6345     4.3352 1.6827e+01 0.0000e+00
    343.750       1376     15.345    27.1853   5.706534     0.3070    81.4290   6640.890      0.311  1023.6347     4.3367 1.6633e+01 0.0000e+00
    344.000       1377     15.388    27.1854   5.706549     0.3054    81.4322   6640.897      0.277  1023.6348     4.3381 1.6464e+01 0.0000e+00
    344.250       1378     15.424    27.1854   5.706563     0.3040    81.4331   6640.904      0.245  1023.6350     4.3394 1.6321e+01 0.0000e+00
    344.500       1379     15.455    27.1855   5.706576     0.3026    81.4362   6640.910      0.216  1023.6351     4.3404 1.6205e+01 0.0000e+00
    344.750       1380     15.480    27.1856   5.706588     0.3011    81.4437   6640.916      0.188  1023.6352     4.3410 1.6113e+01 0.0000e+00
    345.000       1381     15.501    27.1857   5.706601     0.2994    81.4559   6640.923      0.162  1023.6353     4.3412 1.6038e+01 0.0000e+00
    345.250       1382     15.518    27.1857   5.706615     0.2978    81.4696   6640.930      0.139  1023.6354     4.3408 1.5977e+01 0.0000e+00
    345.500       1383     15.532    27.1858   5.706630     0.2973    81.4778   6640.937      0.117  1023.6354     4.3399 1.5922e+01 0.0000e+00
    345.750       1384     15.545    27.1858   5.706645     0.2984    81.4767   6640.945      0.098  1023.6355     4.3383 1.5869e+01 0.0000e+00
    346.000       1385     15.558    27.1858   5.706658     0.3013    81.4671   6640.951      0.082  1023.6356     4.3360 1.5810e+01 0.0000e+00
    346.250       1386     15.572    27.1858   5.706668     0.3052    81.4500   6640.956      0.071  1023.6357     4.3334 1.5738e+01 0.0000e+00
    346.500       1387     15.589    27.1859   5.706676     0.3083    81.4253   6640.960      0.063  1023.6358     4.3308 1.5648e+01 0.0000e+00
    346.750       1388     15.612    27.1859   5.706684     0.3098    81.3954   6640.964      0.061  1023.6359     4.3287 1.5536e+01 0.0000e+00
    347.000       1389     15.640    27.1858   5.706692     0.3095    81.3662   6640.968      0.065  1023.6361     4.3273 1.5400e+01 0.0000e+00
    347.250       1390     15.675    27.1858   5.706701     0.3076    81.3398   6640.972      0.075  1023.6363     4.3265 1.5239e+01 0.0000e+00
    347.500       1391     15.718    27.1858   5.706710     0.3047    81.3148   6640.977      0.089  1023.6365     4.3260 1.5055e+01 0.0000e+00
    347.750       1392     15.767    27.1858   5.706722     0.3021    81.2899   6640.983      0.108  1023.6367     4.3257 1.4851e+01 0.0000e+00
    348.000       1393     15.822    27.1858   5.706736     0.3002    81.2622   6640.990      0.131  1023.6371     4.3257 1.4635e+01 0.0000e+00
    348.250       1394     15.880    27.1857   5.706753     0.2989    81.2293   6640.998      0.154  1023.6374     4.3259 1.4416e+01 0.0000e+00
    348.500       1395     15.940    27.1857   5.706770     0.2980    81.1935   6641.006      0.177  1023.6378     4.3264 1.4205e+01 0.0000e+00
    348.750       1396     15.998    27.1856   5.706785     0.2972    81.1610   6641.014      0.197  1023.6381     4.3274 1.4014e+01 0.0000e+00
    349.000       1397     16.051    27.1856   5.706795     0.2963    81.1336   6641.019      0.211  1023.6384     4.3288 1.3854e+01 0.0000e+00
    349.250       1398     16.095    27.1856   5.706802     0.2952    81.1086   6641.022      0.217  1023.6387     4.3304 1.3736e+01 0.0000e+00
    349.500       1399     16.128    27.1855   5.706808     0.2941    81.0827   6641.025      0.213  1023.6389     4.3323 1.3664e+01 0.0000e+00
    349.750       1400     16.148    27.1855   5.706810     0.2934    81.0536   6641.026      0.199  1023.6390     4.3342 1.3639e+01 0.0000e+00
    350.000       1401     16.155    27.1855   5.706810     0.2934    81.0197   6641.026      0.174  1023.6391     4.3358 1.3658e+01 0.0000e+00
    350.250       1402     16.149    27.1855   5.706806     0.2940    80.9847   6641.024      0.140  1023.6390     4.3368 1.3714e+01 0.0000e+00
    350.500       1403     16.131    27.1854   5.706798     0.2952    80.9580   6641.020      0.098  1023.6389     4.3372 1.3796e+01 0.0000e+00
    350.750       1404     16.105    27.1854   5.706788     0.2968    80.9437   6641.015      0.054  1023.6388     4.3372 1.3888e+01 0.0000e+00
    351.000       1405     16.075    27.1854   5.706776     0.2985    80.9386   6641.009      0.009  1023.6386     4.3368 1.3977e+01 0.0000e+00
    351.250       1406     16.045    27.1854   5.706763     0.3003    80.9372   6641.003     -0.031  1023.6385     4.3364 1.4048e+01 0.0000e+00
    351.500       1407     16.018    27.1853   5.706750     0.3022    80.9372   6640.996     -0.063  1023.6383     4.3359 1.4090e+01 0.0000e+00
    351.750       1408     16.000    27.1853   5.706734     0.3043    80.9377   6640.988     -0.084  1023.6382     4.3354 1.4099e+01 0.0000e+00
    352.000       1409     15.990    27.1852   5.706718     0.3064    80.9364   6640.981     -0.093  1023.6381     4.3348 1.4079e+01 0.0000e+00
    352.250       1410     15.990    27.1852   5.706706     0.3085    80.9323   6640.974     -0.088  1023.6381     4.3344 1.4036e+01 0.0000e+00
    352.500       1411     15.998    27.1851   5.706694     0.3108    80.9256   6640.969     -0.073  1023.6381     4.3342 1.3981e+01 0.0000e+00
