raw/df8c362d7c6fa2f29d53a811c9b50a61a21b676bA.cnv
* Sea-Bird SBE19plus  Data File:
* FileName = \\FERGIE-PC\Data\Trip 6086\Data\CTD\GB14070.hex
* Software version 2.3.0
* Temperature SN = 7360
* Conductivity SN = 7360
* System UpLoad Time = Nov 11 2014 22:46:50
* <ApplicationData>
* <Seaterm232>
# nquan = 13
# nvalues = 1310                        
# units = specified
# name 0 = timeS: Time, Elapsed [seconds]
# name 1 = scan: Scan Count
# name 2 = prdM: Pressure, Strain Gauge [db]
# name 3 = tv290C: Temperature [ITS-90, deg C]
# name 4 = c0S/m: Conductivity [S/m]
# name 5 = flECO-AFL: Fluorescence, WET Labs ECO-AFL/FL [mg/m^3]
# name 6 = CStarTr0: Beam Transmission, WET Labs C-Star [%]
# name 7 = f1: Frequency 1
# name 8 = dz/dtM: Descent Rate [m/s]
# name 9 = density00: Density [density, kg/m^3]
# name 10 = sbeox0ML/L: Oxygen, SBE 43 [ml/l]
# name 11 = par: PAR/Irradiance, Biospherical/Licor
# name 12 = flag:  0.000e+00
# span 0 =     75.000,    402.250       
# span 1 =        301,       1610       
# span 2 =      1.048,     18.699       
# span 3 =    27.1839,    27.2123       
# span 4 =   5.703755,   5.718486       
# span 5 =     0.1561,     0.6812       
# span 6 =    43.6851,    82.5868       
# span 7 =   6639.522,   6646.782       
# span 8 =     -0.174,      0.664       
# span 9 =  1023.5548,  1023.6882       
# span 10 =     4.0867,     4.3577      
# span 11 = 3.6834e+00, 8.8224e+02      
# span 12 = 0.0000e+00, 0.0000e+00      
# interval = seconds: 0.25
# start_time = Nov 11 2014 21:38:42 [Instrument's time stamp, header]
# bad_flag = -9.990e-29
*END*
[from data line 223]
    130.750        524      1.195    27.1880   5.705492     0.1972    82.5065   6640.380      0.025  1023.5690     4.3426 7.4917e+02 0.0000e+00
    131.000        525      1.212    27.1880   5.705489     0.1963    82.4885   6640.378      0.046  1023.5691     4.3419 7.5381e+02 0.0000e+00
    131.250        526      1.228    27.1880   5.705490     0.1959    82.4706   6640.379      0.059  1023.5692     4.3417 7.5563e+02 0.0000e+00
    131.500        527      1.242    27.1880   5.705493     0.1957    82.4575   6640.380      0.065  1023.5693     4.3420 7.5965e+02 0.0000e+00
    131.750        528      1.254    27.1880   5.705495     0.1957    82.4511   6640.381      0.066  1023.5694     4.3428 7.6826e+02 0.0000e+00
    132.000        529      1.262    27.1880   5.705496     0.1955    82.4494   6640.382      0.063  1023.5694     4.3439 7.7433e+02 0.0000e+00
    132.250        530      1.265    27.1880   5.705498     0.1953    82.4501   6640.383      0.056  1023.5694     4.3449 7.7237e+02 0.0000e+00
    132.500        531      1.263    27.1881   5.705502     0.1950    82.4526   6640.385      0.046  1023.5694     4.3460 7.6869e+02 0.0000e+00
    132.750        532      1.255    27.1881   5.705508     0.1946    82.4559   6640.387      0.033  1023.5694     4.3469 7.6938e+02 0.0000e+00
    133.000        533      1.243    27.1882   5.705514     0.1943    82.4583   6640.390      0.017  1023.5694     4.3474 7.6749e+02 0.0000e+00
    133.250        534      1.227    27.1882   5.705521     0.1941    82.4592   6640.394      0.001  1023.5693     4.3473 7.6128e+02 0.0000e+00
    133.500        535      1.212    27.1883   5.705527     0.1942    82.4588   6640.397     -0.016  1023.5692     4.3464 7.5831e+02 0.0000e+00
    133.750        536      1.200    27.1883   5.705532     0.1942    82.4574   6640.399     -0.030  1023.5691     4.3448 7.5728e+02 0.0000e+00
    134.000        537      1.191    27.1884   5.705535     0.1942    82.4547   6640.401     -0.040  1023.5691     4.3426 7.5534e+02 0.0000e+00
    134.250        538      1.185    27.1884   5.705537     0.1940    82.4506   6640.402     -0.045  1023.5690     4.3400 7.5463e+02 0.0000e+00
    134.500        539      1.182    27.1884   5.705537     0.1936    82.4451   6640.402     -0.044  1023.5690     4.3372 7.5342e+02 0.0000e+00
    134.750        540      1.180    27.1884   5.705537     0.1931    82.4392   6640.401     -0.039  1023.5690     4.3348 7.5099e+02 0.0000e+00
    135.000        541      1.178    27.1883   5.705536     0.1927    82.4332   6640.401     -0.032  1023.5690     4.3330 7.5186e+02 0.0000e+00
    135.250        542      1.176    27.1883   5.705536     0.1927    82.4272   6640.401     -0.024  1023.5690     4.3318 7.5026e+02 0.0000e+00
    135.500        543      1.175    27.1883   5.705536     0.1933    82.4215   6640.401     -0.017  1023.5690     4.3316 7.4226e+02 0.0000e+00
    135.750        544      1.177    27.1883   5.705536     0.1947    82.4165   6640.401     -0.010  1023.5690     4.3323 7.3410e+02 0.0000e+00
    136.000        545      1.182    27.1882   5.705532     0.1963    82.4117   6640.399     -0.005  1023.5690     4.3340 7.2862e+02 0.0000e+00
    136.250        546      1.190    27.1881   5.705524     0.1974    82.4071   6640.395      0.001  1023.5690     4.3363 7.2955e+02 0.0000e+00
    136.500        547      1.201    27.1880   5.705514     0.1975    82.4036   6640.391      0.008  1023.5691     4.3390 7.3607e+02 0.0000e+00
    136.750        548      1.211    27.1880   5.705507     0.1967    82.4016   6640.387      0.015  1023.5691     4.3418 7.4276e+02 0.0000e+00
    137.000        549      1.219    27.1880   5.705506     0.1951    82.4002   6640.387      0.022  1023.5693     4.3446 7.5048e+02 0.0000e+00
    137.250        550      1.223    27.1880   5.705513     0.1935    82.3977   6640.390      0.027  1023.5694     4.3469 7.5756e+02 0.0000e+00
    137.500        551      1.222    27.1881   5.705527     0.1920    82.3936   6640.397      0.028  1023.5694     4.3488 7.5152e+02 0.0000e+00
    137.750        552      1.217    27.1883   5.705548     0.1906    82.3894   6640.407      0.024  1023.5695     4.3499 7.3165e+02 0.0000e+00
    138.000        553      1.211    27.1885   5.705572     0.1893    82.3880   6640.419      0.017  1023.5695     4.3503 7.1348e+02 0.0000e+00
    138.250        554      1.206    27.1887   5.705594     0.1881    82.3913   6640.430      0.007  1023.5694     4.3500 6.9994e+02 0.0000e+00
    138.500        555      1.205    27.1888   5.705612     0.1875    82.3994   6640.439     -0.001  1023.5693     4.3493 6.8747e+02 0.0000e+00
    138.750        556      1.209    27.1890   5.705627     0.1878    82.4110   6640.446     -0.006  1023.5693     4.3482 6.7545e+02 0.0000e+00
    139.000        557      1.218    27.1891   5.705641     0.1889    82.4235   6640.453     -0.006  1023.5692     4.3472 6.6184e+02 0.0000e+00
    139.250        558      1.231    27.1892   5.705651     0.1905    82.4355   6640.458     -0.000  1023.5692     4.3463 6.5225e+02 0.0000e+00
    139.500        559      1.244    27.1892   5.705655     0.1919    82.4465   6640.460      0.010  1023.5692     4.3458 6.5032e+02 0.0000e+00
    139.750        560      1.254    27.1893   5.705657     0.1930    82.4545   6640.461      0.020  1023.5691     4.3456 6.5322e+02 0.0000e+00
    140.000        561      1.258    27.1895   5.705667     0.1937    82.4590   6640.466      0.029  1023.5692     4.3455 6.5668e+02 0.0000e+00
    140.250        562      1.254    27.1897   5.705691     0.1941    82.4607   6640.478      0.031  1023.5692     4.3454 6.5808e+02 0.0000e+00
    140.500        563      1.242    27.1900   5.705723     0.1943    82.4591   6640.494      0.026  1023.5692     4.3451 6.6172e+02 0.0000e+00
    140.750        564      1.224    27.1903   5.705758     0.1942    82.4522   6640.511      0.013  1023.5691     4.3445 6.6977e+02 0.0000e+00
    141.000        565      1.203    27.1906   5.705790     0.1938    82.4380   6640.527     -0.005  1023.5689     4.3436 6.7854e+02 0.0000e+00
    141.250        566      1.182    27.1908   5.705817     0.1931    82.4189   6640.540     -0.026  1023.5687     4.3422 6.8722e+02 0.0000e+00
    141.500        567      1.167    27.1910   5.705838     0.1921    82.4014   6640.550     -0.044  1023.5685     4.3406 7.0042e+02 0.0000e+00
    141.750        568      1.161    27.1912   5.705851     0.1910    82.3877   6640.557     -0.055  1023.5683     4.3390 7.1736e+02 0.0000e+00
    142.000        569      1.163    27.1913   5.705857     0.1899    82.3777   6640.560     -0.056  1023.5682     4.3380 7.3336e+02 0.0000e+00
    142.250        570      1.173    27.1913   5.705858     0.1889    82.3728   6640.560     -0.048  1023.5681     4.3379 7.4659e+02 0.0000e+00
    142.500        571      1.188    27.1914   5.705858     0.1880    82.3735   6640.560     -0.031  1023.5681     4.3387 7.5273e+02 0.0000e+00
    142.750        572      1.203    27.1914   5.705860     0.1877    82.3800   6640.561     -0.010  1023.5681     4.3399 7.5110e+02 0.0000e+00
    143.000        573      1.215    27.1915   5.705862     0.1880    82.3902   6640.562      0.011  1023.5681     4.3414 7.4843e+02 0.0000e+00
    143.250        574      1.221    27.1916   5.705865     0.1891    82.3998   6640.564      0.027  1023.5681     4.3432 7.5152e+02 0.0000e+00
    143.500        575      1.222    27.1917   5.705870     0.1906    82.4068   6640.566      0.035  1023.5681     4.3450 7.6229e+02 0.0000e+00
    143.750        576      1.216    27.1918   5.705873     0.1921    82.4110   6640.568      0.034  1023.5680     4.3464 7.7729e+02 0.0000e+00
    144.000        577      1.206    27.1920   5.705872     0.1931    82.4116   6640.567      0.026  1023.5679     4.3473 7.9187e+02 0.0000e+00
    144.250        578      1.195    27.1921   5.705862     0.1940    82.4078   6640.562      0.012  1023.5676     4.3475 8.0436e+02 0.0000e+00
    144.500        579      1.186    27.1921   5.705839     0.1946    82.4015   6640.551     -0.004  1023.5673     4.3473 8.1791e+02 0.0000e+00
    144.750        580      1.180    27.1922   5.705824     0.1948    82.3960   6640.543     -0.016  1023.5671     4.3470 8.2858e+02 0.0000e+00
    145.000        581      1.180    27.1922   5.705841     0.1945    82.3929   6640.552     -0.024  1023.5672     4.3470 8.2664e+02 0.0000e+00
    145.250        582      1.187    27.1922   5.705870     0.1935    82.3918   6640.566     -0.024  1023.5673     4.3472 8.1416e+02 0.0000e+00
    145.500        583      1.202    27.1922   5.705893     0.1917    82.3915   6640.577     -0.016  1023.5675     4.3477 7.9932e+02 0.0000e+00
    145.750        584      1.221    27.1923   5.705915     0.1896    82.3910   6640.588     -0.001  1023.5677     4.3481 7.8788e+02 0.0000e+00
    146.000        585      1.243    27.1924   5.705942     0.1879    82.3900   6640.601      0.017  1023.5679     4.3486 7.7864e+02 0.0000e+00
    146.250        586      1.263    27.1926   5.705973     0.1870    82.3890   6640.617      0.036  1023.5681     4.3489 7.6952e+02 0.0000e+00
    146.500        587      1.279    27.1928   5.706005     0.1868    82.3899   6640.633      0.052  1023.5682     4.3492 7.6126e+02 0.0000e+00
    146.750        588      1.288    27.1929   5.706030     0.1873    82.3936   6640.645      0.061  1023.5682     4.3494 7.5290e+02 0.0000e+00
    147.000        589      1.288    27.1930   5.706040     0.1881    82.4005   6640.650      0.062  1023.5681     4.3495 7.4636e+02 0.0000e+00
    147.250        590      1.281    27.1931   5.706040     0.1886    82.4092   6640.650      0.054  1023.5679     4.3494 7.4180e+02 0.0000e+00
    147.500        591      1.266    27.1931   5.706037     0.1885    82.4164   6640.649      0.037  1023.5678     4.3491 7.3872e+02 0.0000e+00
    147.750        592      1.247    27.1932   5.706042     0.1878    82.4207   6640.651      0.015  1023.5677     4.3487 7.4127e+02 0.0000e+00
    148.000        593      1.225    27.1932   5.706054     0.1866    82.4230   6640.657     -0.010  1023.5676     4.3482 7.4734e+02 0.0000e+00
    148.250        594      1.202    27.1933   5.706065     0.1854    82.4248   6640.662     -0.034  1023.5675     4.3477 7.4578e+02 0.0000e+00
    148.500        595      1.180    27.1932   5.706069     0.1843    82.4267   6640.664     -0.054  1023.5674     4.3471 7.3512e+02 0.0000e+00
    148.750        596      1.158    27.1931   5.706064     0.1833    82.4279   6640.662     -0.069  1023.5673     4.3464 7.2154e+02 0.0000e+00
    149.000        597      1.138    27.1930   5.706053     0.1825    82.4271   6640.656     -0.079  1023.5672     4.3456 7.0602e+02 0.0000e+00
    149.250        598      1.120    27.1929   5.706040     0.1817    82.4237   6640.650     -0.083  1023.5671     4.3445 6.9194e+02 0.0000e+00
    149.500        599      1.108    27.1927   5.706028     0.1808    82.4176   6640.644     -0.082  1023.5671     4.3431 6.8179e+02 0.0000e+00
    149.750        600      1.103    27.1926   5.706016     0.1797    82.4101   6640.638     -0.075  1023.5672     4.3415 6.7540e+02 0.0000e+00
    150.000        601      1.108    27.1924   5.706003     0.1786    82.4033   6640.632     -0.063  1023.5672     4.3400 6.7359e+02 0.0000e+00
    150.250        602      1.122    27.1923   5.705993     0.1775    82.3978   6640.627     -0.045  1023.5673     4.3388 6.7301e+02 0.0000e+00
    150.500        603      1.144    27.1923   5.705988     0.1772    82.3949   6640.624     -0.022  1023.5675     4.3381 6.6967e+02 0.0000e+00
    150.750        604      1.173    27.1922   5.705984     0.1779    82.3975   6640.622      0.005  1023.5677     4.3379 6.6564e+02 0.0000e+00
    151.000        605      1.206    27.1921   5.705979     0.1797    82.4077   6640.620      0.035  1023.5679     4.3382 6.6323e+02 0.0000e+00
    151.250        606      1.240    27.1921   5.705975     0.1821    82.4220   6640.618      0.063  1023.5681     4.3389 6.6334e+02 0.0000e+00
    151.500        607      1.273    27.1920   5.705974     0.1848    82.4337   6640.618      0.088  1023.5683     4.3398 6.7037e+02 0.0000e+00
    151.750        608      1.300    27.1920   5.705976     0.1875    82.4399   6640.619      0.105  1023.5685     4.3408 6.8567e+02 0.0000e+00
    152.000        609      1.321    27.1921   5.705980     0.1904    82.4415   6640.621      0.114  1023.5686     4.3417 7.0443e+02 0.0000e+00
    152.250        610      1.332    27.1922   5.705988     0.1933    82.4389   6640.625      0.113  1023.5687     4.3424 7.2072e+02 0.0000e+00
    152.500        611      1.334    27.1923   5.706000     0.1954    82.4331   6640.630      0.101  1023.5687     4.3429 7.3384e+02 0.0000e+00
    152.750        612      1.325    27.1924   5.706015     0.1964    82.4244   6640.638      0.081  1023.5687     4.3433 7.4421e+02 0.0000e+00
    153.000        613      1.308    27.1925   5.706030     0.1964    82.4147   6640.645      0.054  1023.5686     4.3436 7.4409e+02 0.0000e+00
    153.250        614      1.282    27.1925   5.706042     0.1954    82.4082   6640.651      0.022  1023.5685     4.3439 7.3253e+02 0.0000e+00
    153.500        615      1.252    27.1926   5.706049     0.1937    82.4067   6640.654     -0.011  1023.5683     4.3442 7.2113e+02 0.0000e+00
    153.750        616      1.219    27.1926   5.706049     0.1918    82.4104   6640.654     -0.044  1023.5681     4.3443 7.1694e+02 0.0000e+00
    154.000        617      1.186    27.1925   5.706042     0.1900    82.4169   6640.651     -0.072  1023.5679     4.3443 7.2103e+02 0.0000e+00
    154.250        618      1.155    27.1924   5.706031     0.1882    82.4205   6640.646     -0.095  1023.5677     4.3439 7.3214e+02 0.0000e+00
    154.500        619      1.127    27.1923   5.706014     0.1863    82.4178   6640.637     -0.110  1023.5676     4.3432 7.4925e+02 0.0000e+00
    154.750        620      1.104    27.1921   5.705990     0.1842    82.4108   6640.626     -0.117  1023.5674     4.3423 7.6374e+02 0.0000e+00
    155.000        621      1.089    27.1918   5.705960     0.1817    82.4038   6640.610     -0.115  1023.5673     4.3417 7.6283e+02 0.0000e+00
    155.250        622      1.082    27.1915   5.705923     0.1786    82.3985   6640.592     -0.105  1023.5673     4.3417 7.5121e+02 0.0000e+00
    155.500        623      1.085    27.1912   5.705885     0.1754    82.3945   6640.574     -0.088  1023.5673     4.3421 7.3921e+02 0.0000e+00
    155.750        624      1.097    27.1909   5.705852     0.1732    82.3916   6640.557     -0.065  1023.5675     4.3429 7.2791e+02 0.0000e+00
    156.000        625      1.118    27.1907   5.705824     0.1726    82.3899   6640.544     -0.037  1023.5677     4.3436 7.1612e+02 0.0000e+00
    156.250        626      1.144    27.1905   5.705805     0.1737    82.3896   6640.534     -0.006  1023.5679     4.3442 7.0551e+02 0.0000e+00
    156.500        627      1.171    27.1904   5.705792     0.1765    82.3903   6640.528      0.025  1023.5682     4.3447 7.0079e+02 0.0000e+00
    156.750        628      1.196    27.1904   5.705785     0.1803    82.3901   6640.524      0.051  1023.5684     4.3448 7.0660e+02 0.0000e+00
    157.000        629      1.217    27.1904   5.705784     0.1838    82.3881   6640.523      0.071  1023.5686     4.3448 7.1715e+02 0.0000e+00
    157.250        630      1.234    27.1904   5.705790     0.1864    82.3833   6640.526      0.083  1023.5687     4.3449 7.2032e+02 0.0000e+00
    157.500        631      1.248    27.1905   5.705801     0.1883    82.3735   6640.532      0.087  1023.5689     4.3453 7.1707e+02 0.0000e+00
    157.750        632      1.260    27.1905   5.705814     0.1896    82.3573   6640.538      0.084  1023.5689     4.3458 7.1155e+02 0.0000e+00
    158.000        633      1.272    27.1906   5.705824     0.1909    82.3392   6640.543      0.077  1023.5690     4.3464 7.0104e+02 0.0000e+00
